#timestamp x y z qx qy qz qw id
0.601000 -3.000005 1.000001 -0.001007 -0.000002 0.001590 0.000001 0.999999 1
1.603000 -3.000005 1.000001 -0.001007 -0.000002 0.001590 0.000003 0.999999 2
5.205000 -3.000004 1.000003 -0.001007 -0.000002 0.001590 0.000010 0.999999 3
7.006000 -3.000004 1.000004 -0.001007 -0.000002 0.001590 0.000013 0.999999 4
8.606000 -3.000003 1.000005 -0.001007 -0.000002 0.001590 0.000016 0.999999 5
9.610000 -2.966977 1.000007 -0.001008 -0.000002 0.001592 0.000020 0.999999 6
11.014000 -2.827445 1.000014 -0.001008 -0.000002 0.001592 0.000042 0.999999 7
13.414000 -2.563689 1.000061 -0.001008 -0.000002 0.001591 0.000151 0.999999 8
14.620000 -2.430938 1.000112 -0.001008 -0.000002 0.001592 0.000233 0.999999 9
16.820000 -2.189259 1.000273 -0.001008 -0.000002 0.001590 0.000439 0.999999 10
27.220000 -1.049998 0.939158 -0.001008 0.000265 0.001570 -0.167424 0.985884 11
28.220000 -0.947385 0.897389 -0.001008 0.000343 0.001554 -0.216447 0.976293 12
29.821000 -0.793411 0.809998 -0.001008 0.000465 0.001523 -0.293902 0.955834 13
31.020000 -0.688383 0.729217 -0.001007 0.000555 0.001490 -0.350065 0.936724 14
32.020000 -0.608300 0.652454 -0.001007 0.000621 0.001464 -0.391591 0.920138 15
34.425000 -0.415984 0.474099 -0.001008 0.000498 0.001512 -0.314325 0.949314 16
36.027000 -0.267378 0.384579 -0.001008 0.000318 0.001559 -0.200818 0.979627 17
37.430000 -0.121542 0.344965 -0.001007 0.000098 0.001587 -0.062728 0.998029 18
46.834000 1.012706 0.547348 -0.001008 -0.000114 0.001586 0.070423 0.997516 19
48.234000 1.250821 0.564495 -0.001007 -0.000004 0.001590 0.001344 0.999998 20
49.235000 1.421588 0.557760 -0.001008 0.000045 0.001590 -0.029392 0.999567 21
50.235000 1.591095 0.547745 -0.001008 0.000044 0.001592 -0.029620 0.999560 22
51.434000 1.794450 0.535620 -0.001008 0.000045 0.001592 -0.029939 0.999550 23
52.634000 1.997965 0.523361 -0.001008 0.000045 0.001592 -0.030252 0.999541 24
54.034000 2.235391 0.508906 -0.001008 0.000047 0.001591 -0.030526 0.999533 25
55.034000 2.404973 0.498472 -0.001008 0.000046 0.001591 -0.030869 0.999522 26
56.035000 2.574684 0.487949 -0.001007 0.000048 0.001589 -0.031119 0.999514 27
57.235000 2.778316 0.475205 -0.001007 0.000049 0.001589 -0.031422 0.999505 28
58.449000 2.984288 0.462189 -0.001008 0.000049 0.001589 -0.031727 0.999495 29
59.449000 3.153661 0.451390 -0.001008 0.000049 0.001592 -0.031886 0.999490 30
60.848000 3.391077 0.436111 -0.001008 0.000050 0.001590 -0.032336 0.999476 31
61.848000 3.560417 0.425105 -0.001008 0.000049 0.001592 -0.032535 0.999469 32
62.849000 3.729766 0.416691 -0.001007 0.000006 0.001590 -0.004855 0.999987 33
64.058000 3.933684 0.426872 -0.001008 -0.000089 0.001588 0.054853 0.998493 34
65.061000 4.101056 0.453886 -0.001008 -0.000170 0.001583 0.104896 0.994482 35
66.262000 4.296562 0.508156 -0.001008 -0.000264 0.001568 0.164766 0.986332 36
67.662000 4.415782 0.554428 -0.001008 -0.000348 0.001552 0.217803 0.975992 37
68.663000 4.415972 0.554517 -0.001008 -0.000348 0.001552 0.217909 0.975968 38
69.863000 4.417495 0.555233 -0.001008 -0.000348 0.001552 0.218020 0.975943 39
70.864000 4.433807 0.562902 -0.001008 -0.000349 0.001553 0.217862 0.975978 40
71.867000 4.477347 0.583303 -0.001008 -0.000348 0.001552 0.217532 0.976052 41
73.265000 4.540726 0.613039 -0.001008 -0.000348 0.001553 0.217737 0.976006 42
74.479000 4.595223 0.638749 -0.001008 -0.000349 0.001551 0.218732 0.975784 43
75.678000 4.654840 0.667026 -0.001008 -0.000355 0.001551 0.221940 0.975059 44
76.878000 4.730486 0.703359 -0.001008 -0.000355 0.001550 0.222480 0.974936 45
77.878000 4.793421 0.733679 -0.001008 -0.000356 0.001551 0.222656 0.974896 46
78.885000 4.856683 0.764212 -0.001007 -0.000357 0.001549 0.223224 0.974766 47
80.085000 4.932148 0.800718 -0.001008 -0.000358 0.001550 0.223801 0.974634 48
81.085000 4.995184 0.831289 -0.001008 -0.000358 0.001552 0.223868 0.974618 49
82.085000 5.057882 0.861771 -0.001007 -0.000358 0.001549 0.224503 0.974472 50
83.284000 5.133110 0.898422 -0.001007 -0.000360 0.001549 0.225086 0.974338 51
84.285000 5.195965 0.929109 -0.001008 -0.000359 0.001549 0.225587 0.974222 52
85.285000 5.259027 0.959988 -0.001008 -0.000361 0.001550 0.225765 0.974180 53
86.285000 5.321399 0.990584 -0.001007 -0.000361 0.001548 0.226333 0.974049 54
87.286000 5.384181 1.021437 -0.001008 -0.000363 0.001550 0.226891 0.973919 55
88.288000 5.447024 1.052408 -0.001008 -0.000363 0.001550 0.227003 0.973893 56
89.289000 5.509639 1.083323 -0.001007 -0.000363 0.001548 0.227576 0.973759 57
90.688000 5.597258 1.126696 -0.001007 -0.000364 0.001548 0.228185 0.973617 58
91.689000 5.659942 1.157794 -0.001008 -0.000364 0.001548 0.228682 0.973500 59
92.888000 5.735016 1.195150 -0.001008 -0.000366 0.001550 0.228843 0.973462 60
93.888000 5.797314 1.226222 -0.001007 -0.000366 0.001547 0.229456 0.973318 61
94.889000 5.859842 1.257463 -0.001008 -0.000368 0.001548 0.230006 0.973188 62
95.891000 5.922685 1.288936 -0.001008 -0.000368 0.001550 0.230076 0.973171 63
97.291000 6.010074 1.332817 -0.001008 -0.000369 0.001549 0.230707 0.973022 64
98.292000 6.071119 1.365110 -0.001007 -0.000420 0.001533 0.263354 0.964698 65
99.491000 6.136211 1.414575 -0.001008 -0.000600 0.001475 0.375192 0.926946 66
100.501000 6.180184 1.466798 -0.001008 -0.000745 0.001406 0.467345 0.884074 67
101.501000 6.212765 1.526580 -0.001008 -0.000881 0.001325 0.552791 0.833318 68
102.702000 6.235403 1.605071 -0.001008 -0.001033 0.001211 0.648078 0.761572 69
103.901000 6.239209 1.637041 -0.001008 -0.001079 0.001169 0.677518 0.735504 70
104.901000 6.239195 1.636870 -0.001008 -0.001078 0.001169 0.677455 0.735563 71
105.901000 6.239181 1.636698 -0.001008 -0.001078 0.001169 0.677389 0.735623 72
106.903000 6.239248 1.637290 -0.001008 -0.001026 0.001215 0.644900 0.764266 73
107.903000 6.240571 1.641561 -0.001008 -0.000908 0.001307 0.569489 0.821997 74
108.903000 6.254952 1.669735 -0.001008 -0.000779 0.001387 0.489400 0.872058 75
110.103000 6.293161 1.718216 -0.001008 -0.000609 0.001470 0.381599 0.924327 76
111.103000 6.333096 1.750753 -0.001008 -0.000460 0.001523 0.287684 0.957724 77
112.103000 6.378716 1.774786 -0.001008 -0.000307 0.001561 0.191428 0.981505 78
113.103000 6.425244 1.792436 -0.001008 -0.000287 0.001565 0.179545 0.983748 79
114.103000 6.471917 1.810049 -0.001008 -0.000288 0.001565 0.179273 0.983798 80
115.303000 6.526479 1.831217 -0.001008 -0.000335 0.001555 0.209763 0.977751 81
116.303000 6.568177 1.855214 -0.001008 -0.000488 0.001514 0.306215 0.951961 82
117.503000 6.610919 1.894220 -0.001008 -0.000649 0.001453 0.406989 0.913432 83
118.503000 6.644057 1.931096 -0.001008 -0.000650 0.001452 0.407474 0.913215 84
119.712000 6.684481 1.976147 -0.001008 -0.000651 0.001453 0.407537 0.913187 85
120.713000 6.715671 2.013587 -0.001008 -0.000713 0.001423 0.446481 0.894792 86
121.913000 6.748111 2.062536 -0.001008 -0.000795 0.001377 0.499031 0.866583 87
122.913000 6.770611 2.106202 -0.001008 -0.000873 0.001333 0.546539 0.837432 88
124.112000 6.787279 2.160994 -0.001008 -0.001025 0.001218 0.642621 0.766182 89
125.313000 6.792199 2.219651 -0.001007 -0.001095 0.001152 0.688270 0.725453 90
126.317000 6.794915 2.271386 -0.001007 -0.001095 0.001151 0.688381 0.725347 91
127.517000 6.799490 2.355622 -0.001008 -0.001097 0.001155 0.687605 0.726083 92
128.518000 6.803474 2.427953 -0.001007 -0.001094 0.001154 0.687266 0.726404 93
129.718000 6.809488 2.535753 -0.001008 -0.001094 0.001154 0.686995 0.726660 94
131.117000 6.816583 2.661098 -0.001008 -0.001095 0.001156 0.686711 0.726929 95
132.118000 6.821733 2.750839 -0.001008 -0.001093 0.001155 0.686454 0.727172 96
133.319000 6.825063 2.857895 -0.001008 -0.001138 0.001112 0.714882 0.699243 97
134.518000 6.816403 2.964596 -0.001007 -0.001201 0.001041 0.755040 0.655677 98
136.319000 6.779826 3.120670 -0.001008 -0.001292 0.000930 0.810847 0.585256 99
137.321000 6.747746 3.203580 -0.001008 -0.001328 0.000876 0.834249 0.551385 100
138.526000 6.705263 3.303185 -0.001008 -0.001328 0.000876 0.834520 0.550976 101
139.527000 6.669891 3.385913 -0.001008 -0.001328 0.000874 0.834768 0.550600 102
140.926000 6.620362 3.501415 -0.001008 -0.001330 0.000875 0.835050 0.550172 103
141.926000 6.584665 3.584435 -0.001008 -0.001329 0.000874 0.835316 0.549769 104
142.931000 6.549163 3.666814 -0.001007 -0.001329 0.000872 0.835555 0.549405 105
144.130000 6.506359 3.765880 -0.001008 -0.001330 0.000872 0.835829 0.548988 106
145.330000 6.463573 3.864630 -0.001008 -0.001330 0.000871 0.836102 0.548572 107
146.538000 6.419829 3.963632 -0.001008 -0.001347 0.000846 0.846767 0.531961 108
156.356000 5.686061 4.214274 -0.001008 -0.001590 -0.000044 0.999627 -0.027261 109
158.357000 5.506540 4.205526 -0.001008 -0.001591 -0.000042 0.999686 -0.025022 110
161.763000 5.201008 4.189726 -0.001008 -0.001591 -0.000046 0.999635 -0.026962 111
162.963000 5.093268 4.183867 -0.001008 -0.001591 -0.000046 0.999616 -0.027658 112
164.363000 4.967644 4.176843 -0.001008 -0.001590 -0.000046 0.999593 -0.028483 113
166.363000 4.788286 4.166485 -0.001008 -0.001591 -0.000050 0.999561 -0.029588 114
169.005000 4.550801 4.152115 -0.001008 -0.001590 -0.000050 0.999514 -0.031130 115
173.405000 4.156908 4.126722 -0.001008 -0.001590 -0.000055 0.999433 -0.033630 116
175.006000 4.013198 4.116950 -0.001008 -0.001590 -0.000056 0.999408 -0.034354 117
186.828000 3.070088 3.814323 -0.001008 0.001271 0.000960 -0.798446 0.602064 118
189.032000 3.068476 3.808253 -0.001008 0.001247 0.000990 -0.783938 0.620837 119
