header: 
  seq: 0
  stamp: 
    secs: 311
    nsecs:  76000000
  frame_id: "base_scan"
angle_min: 0.0
angle_max: 6.28318977355957
angle_increment: 0.017501922324299812
time_increment: 0.0
scan_time: 0.0
range_min: 0.11999999731779099
range_max: 3.5
ranges: [1.9249703884124756, 1.8790603876113892, 1.7878986597061157, 1.7426813840866089, 1.6530735492706299, 1.6530735492706299, 1.5647255182266235, 1.5647255182266235, 1.4778633117675781, 1.435073733329773, 1.435073733329773, 1.392764687538147, 1.35098135471344, 1.3097738027572632, 1.2691982984542847, 1.229317307472229, 1.229317307472229, 1.1902008056640625, 1.1902008056640625, 1.1519266366958618, 1.1145814657211304, 1.1145814657211304, 1.0782619714736938, 1.0782619714736938, 1.0430750846862793, 1.0430750846862793, 1.0091395378112793, 1.0091395378112793, 0.9765856266021729, 0.9765856266021729, 0.945556104183197, 0.945556104183197, 0.945556104183197, 0.916205883026123, 0.916205883026123, 0.8887013792991638, 0.8887013792991638, 0.8887013792991638, 0.8632190227508545, 0.8632190227508545, 0.8632190227508545, 0.8399428129196167, 0.8399428129196167, 0.8399428129196167, 0.8399428129196167, 0.8190609216690063, 0.8190609216690063, 0.8190609216690063, 0.8007606863975525, 0.8007606863975525, 0.8007606863975525, 0.7852226495742798, 0.7852226495742798, 0.7852226495742798, 0.7852226495742798, 0.7726134061813354, 0.7726134061813354, 0.7726134061813354, 0.7630782723426819, 0.7630782723426819, 0.7630782723426819, 0.7630782723426819, 0.7567332983016968, 0.7567332983016968, 0.7567332983016968, 0.7567332983016968, 0.753659188747406, 0.753659188747406, 0.753659188747406, 0.753659188747406, 0.7538959383964539, 0.7538959383964539, 0.7538959383964539, 0.757440447807312, 0.757440447807312, 0.757440447807312, 0.757440447807312, 0.7642466425895691, 0.7642466425895691, 0.7642466425895691, 0.7742285132408142, 0.7742285132408142, 0.7742285132408142, 0.7742285132408142, 0.7742285132408142, 0.7872653007507324, 0.7872653007507324, 0.7872653007507324, 0.8032082915306091, 0.8032082915306091, 0.8032082915306091, 0.8218883872032166, 0.8218883872032166, 0.8218883872032166, 0.8431236147880554, 0.8431236147880554, 0.8431236147880554, 0.8667262196540833, 0.8667262196540833, 0.8236375451087952, 0.8236375451087952, 0.7813727855682373, 0.7813727855682373, 0.7400729656219482, 0.7400729656219482, 0.6999089121818542, 0.6999089121818542, 0.5906307697296143, 0.5906307697296143, 0.5906307697296143, 0.5906307697296143, 0.623860239982605, 0.623860239982605, 0.623860239982605, 0.5885288119316101, 0.5885288119316101, 0.5885288119316101, 0.5885288119316101, 0.5554554462432861, 0.5554554462432861, 0.5554554462432861, 0.5250669121742249, 0.5250669121742249, 0.5250669121742249, 0.5250669121742249, 0.5250669121742249, 0.4978552460670471, 0.4978552460670471, 0.4978552460670471, 0.4978552460670471, 0.4978552460670471, 0.4743673801422119, 0.4743673801422119, 0.4743673801422119, 0.40845081210136414, 0.40845081210136414, 0.40845081210136414, 0.40845081210136414, 0.40845081210136414, 0.40845081210136414, 0.40845081210136414, 0.3924240171909332, 0.3924240171909332, 0.3924240171909332, 0.3924240171909332, 0.3924240171909332, 0.3924240171909332, 0.38231030106544495, 0.38231030106544495, 0.38231030106544495, 0.38231030106544495, 0.38231030106544495, 0.38231030106544495, 0.38231030106544495, 0.3785838484764099, 0.3785838484764099, 0.3785838484764099, 0.3785838484764099, 0.3785838484764099, 0.3785838484764099, 0.3785838484764099, 0.3814318776130676, 0.3814318776130676, 0.3814318776130676, 0.3814318776130676, 0.3814318776130676, 0.3814318776130676, 0.3814318776130676, 0.3907106816768646, 0.3907106816768646, 0.3907106816768646, 0.3907106816768646, 0.3907106816768646, 0.3907106816768646, 0.3907106816768646, 0.40597954392433167, 0.40597954392433167, 0.40597954392433167, 0.40597954392433167, 0.40597954392433167, 0.40597954392433167, 0.4265957772731781, 0.4265957772731781, 0.4265957772731781, 0.4265957772731781, 0.4265957772731781, 0.4265957772731781, 0.4518279731273651, 0.4518279731273651, 0.4518279731273651, 0.4518279731273651, 0.4518279731273651, 0.48095017671585083, 0.48095017671585083, 0.48095017671585083, 0.48095017671585083, 0.48095017671585083, 0.5839512944221497, 0.5839512944221497, 0.5839512944221497, 0.5839512944221497, 0.5483084917068481, 0.5483084917068481, 0.5483084917068481, 0.5483084917068481, 0.5854970216751099, 0.5854970216751099, 0.5854970216751099, 0.5854970216751099, 0.6244767904281616, 0.6244767904281616, 0.6649329662322998, 0.6649329662322998, 0.6649329662322998, 0.6377922296524048, 0.6377922296524048, 0.6377922296524048, 0.6135324239730835, 0.6135324239730835, 0.6135324239730835, 0.6135324239730835, 0.592507541179657, 0.592507541179657, 0.592507541179657, 0.592507541179657, 0.592507541179657, 0.5750724077224731, 0.5750724077224731, 0.5750724077224731, 0.5750724077224731, 0.5615615248680115, 0.5615615248680115, 0.5615615248680115, 0.5615615248680115, 0.5615615248680115, 0.5522630214691162, 0.5522630214691162, 0.5522630214691162, 0.5522630214691162, 0.5522630214691162, 0.5473915934562683, 0.5473915934562683, 0.5473915934562683, 0.5473915934562683, 0.5473915934562683, 0.5973291397094727, 1.4469276666641235, 1.4967989921569824, 1.4967989921569824, inf, inf, inf, inf, inf, inf, inf, inf, inf, inf, inf, inf, inf, inf, inf, inf, inf, inf, inf, inf, inf, inf, inf, 2.9813477993011475, 2.891211748123169, 2.913545608520508, inf, inf, inf, inf, inf, inf, inf, inf, inf, inf, inf, inf, inf, inf, inf, inf, inf, inf, inf, inf, inf, inf, inf, inf, inf, 1.585141897201538, 1.555798888206482, 1.555798888206482, 1.527529239654541, 1.5003936290740967, 1.5003936290740967, 1.5429919958114624, 1.5860224962234497, inf, inf, inf, inf, inf, inf, inf, inf, inf, 2.7871201038360596, 2.723275899887085, 2.692007064819336, 2.739807367324829, inf, inf, inf, inf, inf, inf, inf, inf, inf, inf, inf, inf, inf, inf, inf, inf, inf, inf, inf, inf, inf, inf, inf, inf, inf, inf, inf, inf, 3.4057960510253906, 3.211055040359497, 3.0170021057128906, 2.823779344558716, 2.5837016105651855, 2.4406116008758545, 2.3456978797912598, 2.2512247562408447, 2.157249689102173, 2.0638411045074463, 1.9249703884124756]
intensities: [0.0, 0.0, 0.0, 0.0, 0.0, 0.0, 0.0, 0.0, 0.0, 0.0, 0.0, 0.0, 0.0, 0.0, 0.0, 0.0, 0.0, 0.0, 0.0, 0.0, 0.0, 0.0, 0.0, 0.0, 0.0, 0.0, 0.0, 0.0, 0.0, 0.0, 0.0, 0.0, 0.0, 0.0, 0.0, 0.0, 0.0, 0.0, 0.0, 0.0, 0.0, 0.0, 0.0, 0.0, 0.0, 0.0, 0.0, 0.0, 0.0, 0.0, 0.0, 0.0, 0.0, 0.0, 0.0, 0.0, 0.0, 0.0, 0.0, 0.0, 0.0, 0.0, 0.0, 0.0, 0.0, 0.0, 0.0, 0.0, 0.0, 0.0, 0.0, 0.0, 0.0, 0.0, 0.0, 0.0, 0.0, 0.0, 0.0, 0.0, 0.0, 0.0, 0.0, 0.0, 0.0, 0.0, 0.0, 0.0, 0.0, 0.0, 0.0, 0.0, 0.0, 0.0, 0.0, 0.0, 0.0, 0.0, 0.0, 0.0, 0.0, 0.0, 0.0, 0.0, 0.0, 0.0, 0.0, 0.0, 0.0, 0.0, 0.0, 0.0, 0.0, 0.0, 0.0, 0.0, 0.0, 0.0, 0.0, 0.0, 0.0, 0.0, 0.0, 0.0, 0.0, 0.0, 0.0, 0.0, 0.0, 0.0, 0.0, 0.0, 0.0, 0.0, 0.0, 0.0, 0.0, 0.0, 0.0, 0.0, 0.0, 0.0, 0.0, 0.0, 0.0, 0.0, 0.0, 0.0, 0.0, 0.0, 0.0, 0.0, 0.0, 0.0, 0.0, 0.0, 0.0, 0.0, 0.0, 0.0, 0.0, 0.0, 0.0, 0.0, 0.0, 0.0, 0.0, 0.0, 0.0, 0.0, 0.0, 0.0, 0.0, 0.0, 0.0, 0.0, 0.0, 0.0, 0.0, 0.0, 0.0, 0.0, 0.0, 0.0, 0.0, 0.0, 0.0, 0.0, 0.0, 0.0, 0.0, 0.0, 0.0, 0.0, 0.0, 0.0, 0.0, 0.0, 0.0, 0.0, 0.0, 0.0, 0.0, 0.0, 0.0, 0.0, 0.0, 0.0, 0.0, 0.0, 0.0, 0.0, 0.0, 0.0, 0.0, 0.0, 0.0, 0.0, 0.0, 0.0, 0.0, 0.0, 0.0, 0.0, 0.0, 0.0, 0.0, 0.0, 0.0, 0.0, 0.0, 0.0, 0.0, 0.0, 0.0, 0.0, 0.0, 0.0, 0.0, 0.0, 0.0, 0.0, 0.0, 0.0, 0.0, 0.0, 0.0, 0.0, 0.0, 0.0, 0.0, 0.0, 0.0, 0.0, 0.0, 0.0, 0.0, 0.0, 0.0, 0.0, 0.0, 0.0, 0.0, 0.0, 0.0, 0.0, 0.0, 0.0, 0.0, 0.0, 0.0, 0.0, 0.0, 0.0, 0.0, 0.0, 0.0, 0.0, 0.0, 0.0, 0.0, 0.0, 0.0, 0.0, 0.0, 0.0, 0.0, 0.0, 0.0, 0.0, 0.0, 0.0, 0.0, 0.0, 0.0, 0.0, 0.0, 0.0, 0.0, 0.0, 0.0, 0.0, 0.0, 0.0, 0.0, 0.0, 0.0, 0.0, 0.0, 0.0, 0.0, 0.0, 0.0, 0.0, 0.0, 0.0, 0.0, 0.0, 0.0, 0.0, 0.0, 0.0, 0.0, 0.0, 0.0, 0.0, 0.0, 0.0, 0.0, 0.0, 0.0, 0.0, 0.0, 0.0, 0.0, 0.0, 0.0, 0.0, 0.0, 0.0, 0.0, 0.0, 0.0, 0.0, 0.0, 0.0, 0.0, 0.0, 0.0, 0.0, 0.0, 0.0, 0.0, 0.0, 0.0, 0.0, 0.0, 0.0, 0.0, 0.0]